0.000000000000 0.274477447022
0.003333333333 0.289504226486
0.006666666667 0.304044924685
0.010000000000 0.318108446238
0.013333333333 0.331703606585
0.016666666667 0.344839132354
0.020000000000 0.357523661732
0.023333333333 0.369765744825
0.026666666667 0.381573844030
0.030000000000 0.392956334400
0.033333333333 0.403921504013
0.036666666667 0.414477554336
0.040000000000 0.424632600593
0.043333333333 0.434394672132
0.046666666667 0.443771712793
0.050000000000 0.452771581274
0.053333333333 0.461402051497
0.056666666667 0.469670812977
0.060000000000 0.477585471187
0.063333333333 0.485153547925
0.066666666667 0.492382481683
0.070000000000 0.499279628013
0.073333333333 0.505852259892
0.076666666667 0.512107568089
0.080000000000 0.518052661538
0.083333333333 0.523694567696
0.086666666667 0.529040232916
0.090000000000 0.534096522811
0.093333333333 0.538870222623
0.096666666667 0.543368037589
0.100000000000 0.547596593307
0.103333333333 0.551562436104
0.106666666667 0.555272033404
0.110000000000 0.558731774092
0.113333333333 0.561947968882
0.116666666667 0.564926850687
0.120000000000 0.567674574981
0.123333333333 0.570197220170
0.126666666667 0.572500787957
0.130000000000 0.574591203707
0.133333333333 0.576474316818
0.136666666667 0.578155901087
0.140000000000 0.579641655073
0.143333333333 0.580937202470
0.146666666667 0.582048092469
0.150000000000 0.582979800126
0.153333333333 0.583737726731
0.156666666667 0.584327200174
0.160000000000 0.584753475309
0.163333333333 0.585021734327
0.166666666667 0.585137087115
0.170000000000 0.585104571631
0.173333333333 0.584929154266
0.176666666667 0.584615730210
0.180000000000 0.584169123825
0.183333333333 0.583594089004
0.186666666667 0.582895309544
0.190000000000 0.582077399511
0.193333333333 0.581144903604
0.196666666667 0.580102297529
0.200000000000 0.578953988359
0.203333333333 0.577704314901
0.206666666667 0.576357548071
0.210000000000 0.574917891251
0.213333333333 0.573389480661
0.216666666667 0.571776385727
0.220000000000 0.570082609444
0.223333333333 0.568312088746
0.226666666667 0.566468694872
0.230000000000 0.564556233732
0.233333333333 0.562578446275
0.236666666667 0.560539008857
0.240000000000 0.558441533605
0.243333333333 0.556289568787
0.246666666667 0.554086599176
0.250000000000 0.551836046418
0.253333333333 0.549541269403
0.256666666667 0.547205564623
0.260000000000 0.544832166548
0.263333333333 0.542424247987
0.266666666667 0.539984920459
0.270000000000 0.537517234555
0.273333333333 0.535024180312
0.276666666667 0.532508687571
0.280000000000 0.529973626352
0.283333333333 0.527421807217
0.286666666667 0.524855981637
0.290000000000 0.522278842360
0.293333333333 0.519693023776
0.296666666667 0.517101102287
0.300000000000 0.514505596671
0.303333333333 0.511908968451
0.306666666667 0.509313622262
0.310000000000 0.506721906214
0.313333333333 0.504136112266
0.316666666667 0.501558476584
0.320000000000 0.498991179916
0.323333333333 0.496436347957
0.326666666667 0.493896051710
0.330000000000 0.491372307862
0.333333333333 0.488867079144
0.336666666667 0.486382274701
0.340000000000 0.483919750459
0.343333333333 0.481481309489
0.346666666667 0.479068702380
0.350000000000 0.476683627597
0.353333333333 0.474327731859
0.356666666667 0.472002610494
0.360000000000 0.469709807816
0.363333333333 0.467450817487
0.366666666667 0.465227082882
0.370000000000 0.463039997462
0.373333333333 0.460890905136
0.376666666667 0.458781100629
0.380000000000 0.456711829851
0.383333333333 0.454684290261
0.386666666667 0.452699631236
0.390000000000 0.450758954436
0.393333333333 0.448863314173
0.396666666667 0.447013717776
0.400000000000 0.445211125961
0.403333333333 0.443456453195
0.406666666667 0.441750568061
0.410000000000 0.440094293633
0.413333333333 0.438488407832
0.416666666667 0.436933643802
0.420000000000 0.435430690274
0.423333333333 0.433980191929
0.426666666667 0.432582749772
0.430000000000 0.431238921492
0.433333333333 0.429949221835
0.436666666667 0.428714122966
0.440000000000 0.427534054839
0.443333333333 0.426409405562
0.446666666667 0.425340521767
0.450000000000 0.424327708973
0.453333333333 0.423371231954
0.456666666667 0.422471315108
0.460000000000 0.421628142822
0.463333333333 0.420841859841
0.466666666667 0.420112571630
0.470000000000 0.419440344747
0.473333333333 0.418825207207
0.476666666667 0.418267148848
0.480000000000 0.417766121701
0.483333333333 0.417322040352
0.486666666667 0.416934782314
0.490000000000 0.416604188393
0.493333333333 0.416330063051
0.496666666667 0.416112174777
0.500000000000 0.415950256453
0.503333333333 0.415844005719
0.506666666667 0.415793085344
0.510000000000 0.415797123589
0.513333333333 0.415855714574
0.516666666667 0.415968418648
0.520000000000 0.416134762754
0.523333333333 0.416354240795
0.526666666667 0.416626314003
0.530000000000 0.416950411305
0.533333333333 0.417325929689
0.536666666667 0.417752234573
0.540000000000 0.418228660168
0.543333333333 0.418754509852
0.546666666667 0.419329056528
0.550000000000 0.419951542999
0.553333333333 0.420621182329
0.556666666667 0.421337158214
0.560000000000 0.422098625345
0.563333333333 0.422904709780
0.566666666667 0.423754509306
0.570000000000 0.424647093808
0.573333333333 0.425581505638
0.576666666667 0.426556759978
0.580000000000 0.427571845208
0.583333333333 0.428625723276
0.586666666667 0.429717330061
0.590000000000 0.430845575743
0.593333333333 0.432009345165
0.596666666667 0.433207498209
0.600000000000 0.434438870152
0.603333333333 0.435702272040
0.606666666667 0.436996491056
0.610000000000 0.438320290879
0.613333333333 0.439672412059
0.616666666667 0.441051572382
0.620000000000 0.442456467233
0.623333333333 0.443885769968
0.626666666667 0.445338132277
0.630000000000 0.446812184553
0.633333333333 0.448306536260
0.636666666667 0.449819776298
0.640000000000 0.451350473367
0.643333333333 0.452897176343
0.646666666667 0.454458414634
0.650000000000 0.456032698556
0.653333333333 0.457618519694
0.656666666667 0.459214351272
0.660000000000 0.460818648517
0.663333333333 0.462429849031
0.666666666667 0.464046373151
0.670000000000 0.465666624324
0.673333333333 0.467288989466
0.676666666667 0.468911839333
0.680000000000 0.470533528890
0.683333333333 0.472152397674
0.686666666667 0.473766770160
0.690000000000 0.475374956133
0.693333333333 0.476975251051
0.696666666667 0.478565936415
0.700000000000 0.480145280131
0.703333333333 0.481711536882
0.706666666667 0.483262948491
0.710000000000 0.484797744292
0.713333333333 0.486314141494
0.716666666667 0.487810345547
0.720000000000 0.489284550512
0.723333333333 0.490734939428
0.726666666667 0.492159684673
0.730000000000 0.493556948339
0.733333333333 0.494924882594
0.736666666667 0.496261630051
0.740000000000 0.497565324133
0.743333333333 0.498834089440
0.746666666667 0.500066042120
0.750000000000 0.501259290230
0.753333333333 0.502411934107
0.756666666667 0.503522066734
0.760000000000 0.504587774105
0.763333333333 0.505607135596
0.766666666667 0.506578224328
0.770000000000 0.507499107534
0.773333333333 0.508367846930
0.776666666667 0.509182499078
0.780000000000 0.509941115754
0.783333333333 0.510641744316
0.786666666667 0.511282428067
0.790000000000 0.511861206629
0.793333333333 0.512376116304
0.796666666667 0.512825190441
0.800000000000 0.513206459808
0.803333333333 0.513517952954
0.806666666667 0.513757696577
0.810000000000 0.513923715892
0.813333333333 0.514014034997
0.816666666667 0.514026677242
0.820000000000 0.513959665591
0.823333333333 0.513811022996
0.826666666667 0.513578772757
0.830000000000 0.513260938893
0.833333333333 0.512855546508
0.836666666667 0.512360622158
0.840000000000 0.511774194219
0.843333333333 0.511094293249
0.846666666667 0.510318952361
0.850000000000 0.509446207590
0.853333333333 0.508474098252
0.856666666667 0.507400667321
0.860000000000 0.506223961788
0.863333333333 0.504942033035
0.866666666667 0.503552937193
0.870000000000 0.502054735520
0.873333333333 0.500445494757
0.876666666667 0.498723287502
0.880000000000 0.496886192576
0.883333333333 0.494932295386
0.886666666667 0.492859688297
0.890000000000 0.490666470995
0.893333333333 0.488350750857
0.896666666667 0.485910643316
0.900000000000 0.483344272227
0.903333333333 0.480649770238
0.906666666667 0.477825279151
0.910000000000 0.474868950294
0.913333333333 0.471778944887
0.916666666667 0.468553434406
0.920000000000 0.465190600952
0.923333333333 0.461688637621
0.926666666667 0.458045748862
0.930000000000 0.454260150856
0.933333333333 0.450330071872
0.936666666667 0.446253752640
0.940000000000 0.442029446718
0.943333333333 0.437655420854
0.946666666667 0.433129955360
0.950000000000 0.428451344473
0.953333333333 0.423617896724
0.956666666667 0.418627935306
0.960000000000 0.413479798440
0.963333333333 0.408171839741
0.966666666667 0.402702428588
0.970000000000 0.397069950485
0.973333333333 0.391272807435
0.976666666667 0.385309418302
0.980000000000 0.379178219181
0.983333333333 0.372877663761
0.986666666667 0.366406223697
0.990000000000 0.359762388972
0.993333333333 0.352944668269
0.996666666667 0.345951589332
1.000000000000 0.338781699338
